============================================================
Intrusion Detection ML Pipeline
============================================================
Models to train: RandomForest, XGBoost, CNN
Output directory: outputs
============================================================
Loading data from data/mixalldata_clean.csv...
Loaded 3194808 samples with 29 features
Preprocessing data...
Train set: 2236365 samples
Validation set: 319481 samples
Test set: 638962 samples

============================================================
Training RandomForest model...
============================================================
RandomForest training completed!

Evaluating RandomForest...

Results for RandomForest:
  Accuracy:  0.7963
  Precision: 0.8271
  Recall:    0.7963
  F1-Score:  0.7380

Confusion Matrix:
[[380095      0      0      0      0      0      6      0      1      1
       0      1      0      0      1      3      0      0      0      0]
 [  5374   3300      3     26      0      0      0      0      3      0
       0      0      0      0     19      6      0      0      0      0]
 [  8142      0    565      3      0      0      0      0      0      0
       0      0      0      0      0      3      0      0      0      0]
 [  5994     42     12   2654      1      0      0      0      2      0
      10      0      0      0     48      8      0      0      0      0]
 [  8443      1     21      5     44      0      0      0      0      0
       1      0      0      0      0      0      0      0      0      0]
 [   564      0      0      0      0   7132     98    151      0      0
       2      6      0      0    410     20      0      2      0      0]
 [  3959      0      0      0      0      2   4754      9      6      0
       1      1      0      0    121     13      3      0      2      1]
 [   811      0      0      0      0    173    259   6539     20      0
      17      7      0      0    591     33      0      1      0      0]
 [  4938      0      0      0      0      1    737     26   2696      0
       6     10      0      0     89     13      0      1      0      0]
 [  1796      0      0      0      0      0      0      0      0   6762
       0      0      0      0      0      0      0      0      0      0]
 [  6448     44     14     40      1     75     67    103     27     74
     248      1     57      0   1347     18     88      0      0      1]
 [  7898      5      2      8      0     54     75    103     45     78
       2    169      5      1    343     18     60      0      1      0]
 [  4218      0      0      0      0      0      0      0      1      0
       0      0   4405      0      0      0      0      0      0      0]
 [ 25941      0      0      0      0      0      0      0      0      0
       0      0      0    320      0      0      0      0      0      0]
 [   399      0      0      6      0      0      1     16      1      0
       0      0      0      0  24919      3      0      0      0      0]
 [ 20349     30     11     56      1    166    258    130     80    205
      10      2     49      0   1944   2482     81      0      0      0]
 [  7752      0      0      0      0      0      0      0      0      0
       0      0      0      0      0      0  27326      0      0      0]
 [  1126      0      0      1      2     14      8      4      2      6
       1      0      0      1      5      3    134   4216    354   2985]
 [    23      0      0      0      0      0      0      0      0      0
       0      0      0      0    374      6      4     10  16858    102]
 [  1287      2      0      5      0      6     18     13     12     20
       0      0      0      0     35      3    186    354   1177  13302]]